asset:  120000001
threshold:  0.48
non-existing params
win ratio:  0.532
validate_scores: 0.516483464853
up ratio:  0.72
invest value:  0.672039554795

signal_num:  149
max_drawdown:  0.474876802472
trans_pos_cycle:  3.33333333333
annual_ret:  -0.180219813124
ret_to_md:  -0.379508563454

