180010.OF
290006.OF
070011.OF
160105.OF
162207.OF
161606.OF
630001.OF
288002.OF
519066.OF
270008.OF
180012.OF
519668.OF
398021.OF
110011.OF
630002.OF
320005.OF
519008.OF
200010.OF
200007.OF
121002.OF
519021.OF
110005.OF
020010.OF
161005.OF
070002.OF
519110.OF
320006.OF
160314.OF
540004.OF
260109.OF
519035.OF
151001.OF
350002.OF
070006.OF
050009.OF
530001.OF
610001.OF
360006.OF
180013.OF
450004.OF
519013.OF
540002.OF
530003.OF
162211.OF
160106.OF
110010.OF
510081.OF
121008.OF
202011.OF
340007.OF
002011.OF
100022.OF
000011.OF
040011.OF
160605.OF
100029.OF
660001.OF
050008.OF
610002.OF
310368.OF
550003.OF
